A=[1,1,1,1;0,1,2 ,3 ; 
0,1,4 , 9 ; 0, 1, 8 , 27 ];
b=[3; 9/2; 9; 81/4];
A\b